MEMORY
  total            13.4 MB
  struct          159.2 KB
  buffer          226.8 KB
  arena            13.0 MB, used 0.3%

SIZES
  narena                13631488
  nbuffer               232224
  nplugin               0
  maxuse_stack          3872
  maxuse_arena          34160
  maxuse_con            9
  maxuse_efc            45
  ncon                  6
  ne                    1
  nf                    8
  nl                    0
  nefc                  33
  nJ                    264
  nA                    0
  nisland               0
  nidof                 0
  threadpool            0

TIMER
    0:  duration =  0.39       number = 8
    1:  duration =  0.37       number = 8
    2:  duration =  0          number = 0
    3:  duration =  0.28       number = 8
    4:  duration =  0.027      number = 8
    5:  duration =  0.0034     number = 8
    6:  duration =  0.046      number = 8
    7:  duration =  0.015      number = 8
    8:  duration =  0.029      number = 8
    9:  duration =  0.0078     number = 8
    10:  duration =  0.21       number = 8
    11:  duration =  0.035      number = 8
    12:  duration =  0.00053    number = 8
    13:  duration =  0.024      number = 8
    14:  duration =  0.14       number = 8

SOLVER STAT
  solver_fwdinv =   0         0       
  ISLAND 0
    solver_niter = 1
    solver_nnz = 64
      0:  improvement =  9.9e-20     gradient =  1.1e-17     lineslope =  0       
          nactive = 33   nchange = 0   neval = 2   nupdate = 0

ENERGY =   0         0       

TIME =  2.2e+02 

QPOS
   0.019   
   1.6     
   1.5     
  -1.4     
  -7.9e-19 
   2.5e-19 
   0.0002  
  -0.0002  

QVEL
  -8.6e-16 
  -5.5e-14 
   5.5e-14 
   5.5e-14 
   8e-18   
   4.6e-18 
  -1.7e-17 
   2.1e-17 

QACC_WARMSTART
   2.6e-17 
  -4.8e-21 
   8.9e-20 
  -5.6e-19 
  -7.8e-16 
  -9.3e-16 
  -3.1e-15 
   2.8e-15 

CTRL
   0.019   
   1.6     
   1.5     
  -1.4     
   0       
   0       
   0       

QFRC_APPLIED
   0       
   0       
   0       
   0       
   0       
   0       
   0       
   0       

XFRC_APPLIED
   0         0         0         0         0         0       
   0         0         0         0         0         0       
   0         0         0         0         0         0       
   0         0         0         0         0         0       
   0         0         0         0         0         0       
   0         0         0         0         0         0       
   0         0         0         0         0         0       
   0         0         0         0         0         0       
   0         0         0         0         0         0       
   0         0         0         0         0         0       
   0         0         0         0         0         0       
   0         0         0         0         0         0       
   0         0         0         0         0         0       
   0         0         0         0         0         0       

EQ_ACTIVE             1

QACC
   2.6e-17 
  -4.8e-21 
   8.9e-20 
  -5.6e-19 
  -7.8e-16 
  -9.3e-16 
  -3.1e-15 
   2.8e-15 

XPOS
   0         0         0       
   0         0         0       
   0         0         0.063   
   0.02      0.00041   0.1     
   0.026     0.00054   0.37    
   0.27      0.0054    0.41    
   0.32      0.0062    0.34    
   0.28      0.0055    0.3     
   0.33     -0.03      0.24    
   0.29      0.0058    0.24    
   0.25      0.005     0.24    
   0.25      0.042     0.24    
   0.29      0.0054    0.24    
   0.25      0.0046    0.24    

XQUAT
   1         0         0         0       
   1         0         0         0       
   0.7       0         0         0.71    
  -0.51      0.5       0.5       0.49    
  -0.019    -0.033     0.71     -0.71    
  -0.47     -0.48      0.52     -0.53    
  -0.47      0.52      0.53     -0.48    
   0.029     0.7       0.71      0.03    
  -0.48      0.47      0.53      0.52    
  -0.00041   1         0.0097    0.042   
  -0.00041   1         0.0097    0.042   
  -0.48      0.47      0.53      0.52    
   0.042    -0.0097    1         0.00041 
   0.042    -0.0097    1         0.00041 

XMAT
   1         0         0         0         1         0         0         0         1       
   1         0         0         0         1         0         0         0         1       
  -0.019    -1         0         1        -0.019     0         0         0         1       
   0.023     1        -0.019     0.00046   0.019     1         1        -0.023     2.8e-17 
  -1        -0.073     0.019    -0.019    -0.0014   -1         0.073    -1        -5.6e-17 
  -0.083    -1         0.019    -0.0016   -0.019    -1         1        -0.083    -1.7e-16 
  -0.019     0.083    -1         1         0.0016   -0.019     2.8e-16  -1        -0.083   
  -0.019     1         0.083     1         0.019     0.0016    2.7e-16   0.083    -1       
  -0.083     1        -0.019    -0.0016    0.019     1         1         0.083     2.8e-16 
   1         0.019     0.083     0.019    -1         0.0016    0.083    -2.2e-16  -1       
   1         0.019     0.083     0.019    -1         0.0016    0.083    -2.2e-16  -1       
  -0.083     1        -0.019    -0.0016    0.019     1         1         0.083     2.8e-16 
  -1        -0.019     0.083    -0.019     1         0.0016   -0.083     2.2e-16  -1       
  -1        -0.019     0.083    -0.019     1         0.0016   -0.083     2.2e-16  -1       

XIPOS
   0         0         0       
   0         0         0.026   
   0.008    -0.0018    0.084   
   0.023     0.00077   0.24    
   0.15      0.0031    0.41    
   0.33      0.0064    0.34    
   0.29      0.0056    0.34    
   0.29      0.0054    0.27    
   0.29      0.0087    0.22    
   0.28      0.021     0.22    
   0.25      0.018     0.21    
   0.29      0.0026    0.22    
   0.28     -0.01      0.22    
   0.25     -0.0081    0.21    

XIMAT
   1         0         0         0         1         0         0         0         1       
   1         0         0         0         1         0         0         0         1       
  -0.82      0.56     -0.074    -0.013     0.11      0.99      0.57      0.82     -0.085   
   1        -0.019     0.023     0.019     1         0.00046  -0.023     5.2e-17   1       
  -0.073     0.019    -1        -0.0014   -1        -0.019    -1        -6.8e-17   0.073   
   0.56      0.019     0.83      0.011    -1         0.016     0.83     -1.9e-16  -0.56    
  -0.019     0.083    -1         1         0.0016   -0.019     2.8e-16  -1        -0.083   
  -0.019     0.083    -1         1         0.0016   -0.019     2.8e-16  -1        -0.083   
  -0.44      0.36     -0.82      0.48      0.87      0.13      0.76     -0.33     -0.56    
  -0.017     0.52      0.85     -0.94     -0.3       0.16      0.34     -0.8       0.5     
  -0.21     -0.94      0.27     -0.95      0.13     -0.29      0.24     -0.32     -0.92    
  -0.42      0.4       0.82     -0.49     -0.85      0.16      0.76     -0.33      0.56    
  -0.053     0.51     -0.86      0.94      0.32      0.13      0.34     -0.8      -0.5     
  -0.25      0.93      0.26      0.94      0.17      0.3       0.24      0.32     -0.92    

XANCHOR
   0         0         0.063   
   0.02      0.00041   0.1     
   0.026     0.00054   0.37    
   0.27      0.0054    0.41    
   0.32      0.0062    0.34    
   0.28      0.0055    0.3     
   0.33     -0.031     0.24    
   0.25      0.042     0.24    

XAXIS
   0         0         1       
  -0.019     1         4.4e-16 
   0.019    -1         2.2e-16 
   0.019    -1         3.3e-16 
  -1        -0.019    -0.083   
   0.083     0.0016   -1       
  -0.019     1         1.1e-15 
  -0.019     1         1.1e-15 

GEOM_XPOS
  -2.1e-05   2e-05     0.012   
   0         0         0.026   
   0.0083    0.00087   0.085   
   0.026     0.00076   0.36    
   0.02      0.00065   0.11    
   0.023     0.00047   0.24    
   0.023     0.00047   0.23    
   0.02      0.00041   0.1     
   0.026     0.00054   0.37    
   0.27      0.0091    0.41    
   0.037    -0.034     0.4     
   0.15      0.003     0.42    
   0.036     0.034     0.4     
   0.17      0.0033    0.42    
   0.27      0.0053    0.41    
   0.32      0.0071    0.37    
   0.34      0.0067    0.34    
   0.29      0.0057    0.34    
   0.28      0.0055    0.31    
   0.29      0.0057    0.25    
   0.29      0.0054    0.27    
   0.33      0.0064    0.25    
   0.29      0.0056    0.27    
   0.25      0.0049    0.25    
   0.28      0.017     0.21    
   0.31     -0.0021    0.24    
   0.29      0.026     0.23    
   0.27      0.015     0.21    
   0.25      0.025     0.22    
   0.25      0.019     0.2     
   0.24      0.019     0.2     
   0.25      0.0074    0.19    
   0.28      0.008     0.19    
   0.25      0.0056    0.16    
   0.25      0.0054    0.16    
   0.25      0.0055    0.17    
   0.25      0.0054    0.17    
   0.25      0.0055    0.18    
   0.25      0.0054    0.18    
   0.26      0.013     0.24    
   0.28     -0.0062    0.21    
   0.29     -0.015     0.23    
   0.27     -0.0049    0.21    
   0.25     -0.015     0.22    
   0.24     -0.0095    0.2     
   0.25     -0.0093    0.2     
   0.25      0.0023    0.19    
   0.28      0.0028    0.19    
   0.25      0.0042    0.16    
   0.25      0.0044    0.16    
   0.25      0.0042    0.17    
   0.25      0.0043    0.17    
   0.25      0.0042    0.18    
   0.25      0.0043    0.18    

GEOM_XMAT
  -1        -0.0053   -0.00016  -0.00016  -0.00068   1        -0.0053    1         0.00068 
   1         0         0         0         1         0         0         0         1       
  -0.81      0.59     -0.016    -0.016     0.0059    1         0.59      0.81      0.0046  
   1        -0.023    -0.019     0.019     0.00083   1        -0.023    -1         0.0013  
   1        -0.023    -0.02      0.019    -0.0017    1        -0.023    -1        -0.0013  
  -0.022     1        -0.023     1         0.022    -0.00046   6.4e-05  -0.023    -1       
   0.019     1         0.023    -1         0.019     0.00046  -6.1e-17  -0.023     1       
   0.023     1        -0.019     0.00046   0.019     1         1        -0.023     2.8e-17 
   0.023     1        -0.019     0.00046   0.019     1         1        -0.023     2.8e-17 
   0.073     0.99      0.085     0.0014   -0.086     1         1        -0.073    -0.0077  
  -0.024    -0.95      0.3       0.99      0.007     0.1      -0.098     0.3       0.95    
   0.073     0.02      1         0.0041   -1         0.019     1         0.0027   -0.073   
  -0.017    -0.95      0.3       0.99     -0.055    -0.12      0.13      0.3       0.95    
  -0.019    -0.073    -1         1        -0.0014   -0.019     1.1e-16  -1         0.073   
  -1        -0.073     0.019    -0.019    -0.0014   -1         0.073    -1        -5.6e-17 
   0.59      0.0069    0.81      0.033    -1        -0.016     0.81      0.036    -0.59    
  -0.083     0.019     1        -0.0016   -1         0.019     1        -1.9e-16   0.083   
  -0.019    -0.52      0.85      1        -0.02      0.0099    0.012     0.85      0.52    
  -0.019    -1        -0.083     1        -0.019    -0.0016    2.7e-16  -0.083     1       
  -0.088     0.97     -0.24     -0.0038    0.24      0.97      1         0.087    -0.018   
  -0.17      0.054     0.98      0.67     -0.72      0.16      0.72      0.69      0.089   
  -0.083     1        -0.019    -0.0016    0.019     1         1         0.083     2.8e-16 
   1         0.019     0.083     0.019    -1         0.0016    0.083    -2.7e-16  -1       
  -0.083     1        -0.019    -0.0016    0.019     1         1         0.083     2.8e-16 
   0.0057   -0.42      0.91      0.97      0.21      0.093    -0.23      0.88      0.41    
  -0.073     0.99      0.071     0.081    -0.065     0.99      0.99      0.078    -0.075   
  -0.083     0.019     1        -0.0016   -1         0.019     1        -2.2e-16   0.083   
  -0.78      0.019     0.63     -0.015    -1         0.012     0.63     -2.2e-16   0.78    
   1         0.0026    0.086     0.019    -0.98     -0.2       0.083     0.2      -0.98    
   1        -0.014     0.085     0.019    -0.92     -0.38      0.083     0.38     -0.92    
   1        -0.014     0.085     0.019    -0.92     -0.38      0.083     0.38     -0.92    
   1         0.019     0.083     0.019    -1         0.0016    0.083    -2.2e-16  -1       
  -0.78      0.019     0.63     -0.015    -1         0.012     0.63     -2.2e-16   0.78    
   1         0.019     0.083     0.019    -1         0.0016    0.083    -2.2e-16  -1       
   1         0.019     0.083     0.019    -1         0.0016    0.083    -2.2e-16  -1       
   1         0.019     0.083     0.019    -1         0.0016    0.083    -2.2e-16  -1       
   1         0.019     0.083     0.019    -1         0.0016    0.083    -2.2e-16  -1       
   1         0.019     0.083     0.019    -1         0.0016    0.083    -2.2e-16  -1       
   1         0.019     0.083     0.019    -1         0.0016    0.083    -2.2e-16  -1       
  -0.094     0.99      0.057    -0.084    -0.065     0.99      0.99      0.088     0.089   
  -0.041    -0.4       0.92      0.97     -0.23     -0.054     0.23      0.89      0.4     
  -0.083    -0.019    -1        -0.0016    1        -0.019     1         2.2e-16  -0.083   
   0.78     -0.019     0.63      0.015     1         0.012    -0.63      2.2e-16   0.78    
  -1        -0.036     0.078    -0.019     0.98      0.2      -0.083     0.2      -0.98    
  -1        -0.05      0.07     -0.019     0.92      0.39     -0.083     0.38     -0.92    
  -1        -0.05      0.07     -0.019     0.92      0.39     -0.083     0.38     -0.92    
  -1        -0.019     0.083    -0.019     1         0.0016   -0.083     2.2e-16  -1       
   0.78     -0.019     0.63      0.015     1         0.012    -0.63      2.2e-16   0.78    
  -1        -0.019     0.083    -0.019     1         0.0016   -0.083     2.2e-16  -1       
  -1        -0.019     0.083    -0.019     1         0.0016   -0.083     2.2e-16  -1       
  -1        -0.019     0.083    -0.019     1         0.0016   -0.083     2.2e-16  -1       
  -1        -0.019     0.083    -0.019     1         0.0016   -0.083     2.2e-16  -1       
  -1        -0.019     0.083    -0.019     1         0.0016   -0.083     2.2e-16  -1       
  -1        -0.019     0.083    -0.019     1         0.0016   -0.083     2.2e-16  -1       

SITE_XPOS
   0.28      0.0055    0.3     
   0.3       0.0058    0.17    

SITE_XMAT
  -1        -0.019     0.083    -0.019     1         0.0016   -0.083     2.7e-16  -1       
  -1        -0.019     0.083    -0.019     1         0.0016   -0.083     2.7e-16  -1       

LIGHT_XPOS
   0         0         1       

LIGHT_XDIR
   0.35      0.0068   -0.94    

SUBTREE_COM
   0.16      0.0031    0.28    
   0.16      0.0031    0.28    
   0.17      0.0033    0.3     
   0.17      0.0034    0.3     
   0.25      0.0048    0.34    
   0.3       0.0058    0.29    
   0.29      0.0055    0.28    
   0.29      0.0054    0.25    
   0.29      0.013     0.22    
   0.27      0.02      0.22    
   0.25      0.018     0.21    
   0.28     -0.0015    0.22    
   0.27     -0.0097    0.22    
   0.25     -0.0081    0.21    

CDOF
   0         0         1        -0.0031    0.16      0       
  -0.019     1         4.4e-16   0.18      0.0034   -0.14    
   0.019    -1         2.2e-16   0.087     0.0017    0.13    
   0.019    -1         3.3e-16   0.13      0.0025   -0.12    
  -1        -0.019    -0.083     0.00088  -0.045    -3.6e-05 
   0.083     0.0016   -1        -0.0025    0.13      3e-06   
   0         0         0        -0.019     1         1.1e-15 
   0         0         0        -0.019     1         1.1e-15 

CINERT
   0         0         0         0         0         0         0         0         0         0       
   0.014     0.02      0.0054   -0.00011  -0.0087   -0.00017  -0.034    -0.00067  -0.056     0.22    
   0.005     0.0076    0.0029   -8.2e-05  -0.0036   -0.00011  -0.018    -0.0006   -0.024     0.12    
   0.015     0.037     0.023    -0.00038  -0.0076   -0.00013  -0.17     -0.0029   -0.055     1.2     
   0.016     0.022     0.007    -0.00012   0.00094   7e-06    -0.0037    1.4e-05   0.11      0.85    
   0.002     0.017     0.015    -0.00028  -0.0045   -8.3e-05   0.082     0.0015    0.026     0.46    
   0.0012    0.0071    0.006    -0.00012  -0.0025   -4.9e-05   0.045     0.00088   0.02      0.35    
   0.00025   0.0065    0.0065   -0.00011   0.00031   5.5e-06   0.048     0.00084  -0.0024    0.37    
   0.0005    0.0028    0.0023   -8e-05     0.0009    4.8e-05   0.016     0.00066  -0.0069    0.12    
   0.00017   0.0008    0.00066  -9.4e-05   0.0003    4.2e-05   0.005     0.00073  -0.0024    0.04    
   0.00013   0.00032   0.0002   -2.8e-05   0.00015   1.9e-05   0.002     0.00031  -0.0015    0.021   
   0.0005    0.0026    0.0022   -6.8e-06   0.00087  -1.4e-05   0.016    -5.2e-05  -0.007     0.12    
   0.00016   0.00081   0.00066   7e-05     0.0003   -3.1e-05   0.005    -0.00054  -0.0024    0.04    
   0.00012   0.00032   0.0002    2.1e-05   0.00015  -1.4e-05   0.002    -0.00023  -0.0015    0.021   

ACTUATOR_LENGTH
   0.019   
   1.6     
   1.5     
  -1.4     
  -8e-19   
   2.4e-19 
   0.0002  

actuator_moment
----------
 x        |
  x       |
   x      |
    x     |
     x    |
      x   |
       x  |
----------

ACTUATOR_MOMENT
     0:  1       
     1:  1       
     2:  1       
     3:  1       
     4:  1       
     5:  1       
     6:  1       

CRB
   0         0         0         0         0         0         0         0         0         0       
   0.055     0.12      0.072    -0.0013   -0.023    -0.00048  -1e-16     9.8e-19   2.9e-16   4       
   0.041     0.1       0.067    -0.0012   -0.014    -0.00031   0.034     0.00067   0.056     3.8     
   0.036     0.097     0.064    -0.0011   -0.011    -0.0002    0.053     0.0013    0.08      3.6     
   0.021     0.06      0.041    -0.00074  -0.0031   -6.8e-05   0.22      0.0041    0.14      2.4     
   0.005     0.038     0.034    -0.00062  -0.004    -7.5e-05   0.22      0.0041    0.022     1.5     
   0.0031    0.021     0.019    -0.00034   0.00045   7.3e-06   0.14      0.0026   -0.0047    1.1     
   0.0018    0.014     0.013    -0.00023   0.003     5.7e-05   0.094     0.0017   -0.024     0.72    
   0.00079   0.0039    0.0032   -0.0002    0.0013    0.00011   0.023     0.0017   -0.011     0.18    
   0.0003    0.0011    0.00087  -0.00012   0.00045   6.2e-05   0.007     0.001    -0.0039    0.061   
   0.00013   0.00032   0.0002   -2.8e-05   0.00015   1.9e-05   0.002     0.00031  -0.0015    0.021   
   0.00079   0.0038    0.0031    8.4e-05   0.0013   -5.9e-05   0.023    -0.00082  -0.011     0.18    
   0.00029   0.0011    0.00087   9.1e-05   0.00045  -4.5e-05   0.0071   -0.00077  -0.0039    0.061   
   0.00012   0.00032   0.0002    2.1e-05   0.00015  -1.4e-05   0.002    -0.00023  -0.0015    0.021   

QM
   0.2     
  -6.4e-05   0.35    
   1.5e-05  -0.14      0.18    
   1.5e-05   0.017     0.03      0.029   
  -0.018    -1.7e-05   1.5e-05  -1.9e-06   0.0087  
   1.8e-05  -1.2e-05  -9.4e-06  -1.1e-05  -0.00038   0.0025  
   0.051    -3.2e-17   6.3e-17   5.3e-18  -0.021     0.00084   0.28    
   0.05     -3.2e-17   6.2e-17   4.4e-18  -0.021     0.0015              0.28    

M
     0:  0.2     
     0: -6.4e-05    1:  0.35    
     0:  1.5e-05    1: -0.14       2:  0.18    
     0:  1.5e-05    1:  0.017      2:  0.03       3:  0.029   
     0: -0.018      1: -1.7e-05    2:  1.5e-05    3: -1.9e-06    4:  0.0087  
     0:  1.8e-05    1: -1.2e-05    2: -9.4e-06    3: -1.1e-05    4: -0.00038    5:  0.0025  
     0:  0.051      1: -3.2e-17    2:  6.3e-17    3:  5.3e-18    4: -0.021      5:  0.00084    6:  0.28    
     0:  0.05       1: -3.2e-17    2:  6.2e-17    3:  4.4e-18    4: -0.021      5:  0.0015     7:  0.28    

QLD
     0:  0.16    
     0: -0.00038    1:  0.19    
     0:  0.00022    1: -0.99       2:  0.15    
     0:  0.00025    1:  0.58       2:  1          3:  0.029   
     0: -1.9        1: -0.0033     2:  0.0026     3: -0.00051    4:  0.0056  
     0: -0.16       1: -0.0048     2: -0.0038     3: -0.0045     4: -0.086      5:  0.0024  
     0:  0.18       1: -1.2e-16    2:  2.3e-16    3:  1.9e-17    4: -0.075      5:  0.003      6:  0.28    
     0:  0.18       1: -1.1e-16    2:  2.2e-16    3:  1.6e-17    4: -0.075      5:  0.0052     7:  0.28    

QLDIAGINV
   6.2     
   5.3     
   6.5     
   34      
   1.8e+02 
   4.1e+02 
   3.6     
   3.6     

QH
     0:  0.17    
     0: -0.00036    1:  0.2     
     0:  0.00016    1: -0.95       2:  0.16    
     0:  0.00033    1:  0.56       2:  0.98       3:  0.03    
     0: -1.4        1: -0.0023     2:  0.0019     3: -0.00032    4:  0.0077  
     0: -0.088      1: -0.0027     2: -0.0021     3: -0.0025     4: -0.048      5:  0.0044  
     0:  0.17       1: -1.1e-16    2:  2.1e-16    3:  1.8e-17    4: -0.07       5:  0.0028     6:  0.3     
     0:  0.18       1: -1.1e-16    2:  2.2e-16    3:  1.6e-17    4: -0.075      5:  0.0052     7:  0.28    

QHDIAGINV
   5.8     
   4.9     
   6.3     
   33      
   1.3e+02 
   2.2e+02 
   3.3     
   3.6     

B: body-dof matrix
----------
 xxxxxxxx |
 xxxxxxxx |
 xxxxxxxx |
 xxxxxxxx |
 xxxxxxxx |
 xxxxxxxx |
 xxxxxxxx |
 xxxxxxxx |
 xxxxxxx  |
 xxxxxxx  |
 xxxxxxx  |
 xxxxxx x |
 xxxxxx x |
 xxxxxx x |
----------

B_rownnz              8 8 8 8 8 8 8 8 7 7 7 7 7 7

B_rowadr              0 8 16 24 32 40 48 56 64 71 78 85 92 99

B_colind              0 1 2 3 4 5 6 7 0 1 2 3 4 5 6 7 0 1 2 3 4 5 6 7 0 1 2 3 4 5 6 7 0 1 2 3 4 5 6 7 0 1 2 3 4 5 6 7 0 1 2 3 4 5 6 7 0 1 2 3 4 5 6 7 0 1 2 3 4 5 6 0 1 2 3 4 5 6 0 1 2 3 4 5 6 0 1 2 3 4 5 7 0 1 2 3 4 5 7 0 1 2 3 4 5 7

M: reduced inertia matrix
----------
 x        |
 xx       |
 xxx      |
 xxxx     |
 xxxxx    |
 xxxxxx   |
 xxxxxxx  |
 xxxxxx x |
----------

M_rownnz              1 2 3 4 5 6 7 7

M_rowadr              0 1 3 6 10 15 21 28

M_colind              0 0 1 0 1 2 0 1 2 3 0 1 2 3 4 0 1 2 3 4 5 0 1 2 3 4 5 6 0 1 2 3 4 5 7

mapM2M                0 2 1 5 4 3 9 8 7 6 14 13 12 11 10 20 19 18 17 16 15 27 26 25 24 23 22 21 34 33 32 31 30 29 28

D: dof-dof matrix
----------
 Dxxxxxxx |
 xDxxxxxx |
 xxDxxxxx |
 xxxDxxxx |
 xxxxDxxx |
 xxxxxDxx |
 xxxxxxD  |
 xxxxxx D |
----------

D_rownnz              8 8 8 8 8 8 7 7

D_rowadr              0 8 16 24 32 40 48 55

D_colind              0 1 2 3 4 5 6 7 0 1 2 3 4 5 6 7 0 1 2 3 4 5 6 7 0 1 2 3 4 5 6 7 0 1 2 3 4 5 6 7 0 1 2 3 4 5 6 7 0 1 2 3 4 5 6 0 1 2 3 4 5 7

mapM2D                0 2 5 9 14 20 27 34 2 1 4 8 13 19 26 33 5 4 3 7 12 18 25 32 9 8 7 6 11 17 24 31 14 13 12 11 10 16 23 30 20 19 18 17 16 15 22 29 27 26 25 24 23 22 21 34 33 32 31 30 29 28

mapD2M                0 9 8 18 17 16 27 26 25 24 36 35 34 33 32 45 44 43 42 41 40 54 53 52 51 50 49 48 61 60 59 58 57 56 55

QDERIV
     0: -2.5        1:  0          2:  0          3:  0          4:  0          5:  0          6:  0          7:  0       
     0:  0          1: -2.5        2:  0          3:  0          4:  0          5:  0          6:  0          7:  0       
     0:  0          1:  0          2: -2.5        3:  0          4:  0          5:  0          6:  0          7:  0       
     0:  0          1:  0          2:  0          3: -0.5        4:  0          5:  0          6:  0          7:  0       
     0:  0          1:  0          2:  0          3:  0          4: -1          5:  0          6:  0          7:  0       
     0:  0          1:  0          2:  0          3:  0          4:  0          5: -1          6:  0          7:  0       
     0:  0          1:  0          2:  0          3:  0          4:  0          5:  0          6: -10      
     0:  0          1:  0          2:  0          3:  0          4:  0          5:  0          7:  0       

CONTACT
  0:
     dim           3
     geoms         33 : 49
     exclude       0
     efc_address   9
     solref         0.02      1       
     solimp         0.9       0.95      0.001     0.5       2       
     dist          -3e-07   
     includemargin  0       
     pos            0.25      0.005     0.16    
     frame          0.019    -1         0         0         0         1        -1        -0.019     0       
     friction       1         1         0.005     0.0001    0.0001  
     mu             1       
  1:
     dim           3
     geoms         34 : 48
     exclude       0
     efc_address   13
     solref         0.02      1       
     solimp         0.9       0.95      0.001     0.5       2       
     dist          -3e-07   
     includemargin  0       
     pos            0.25      0.0048    0.16    
     frame          0.019    -1         0         0         0         1        -1        -0.019     0       
     friction       1         1         0.005     0.0001    0.0001  
     mu             1       
  2:
     dim           3
     geoms         35 : 51
     exclude       0
     efc_address   17
     solref         0.02      1       
     solimp         0.9       0.95      0.001     0.5       2       
     dist          -3e-07   
     includemargin  0       
     pos            0.25      0.0049    0.17    
     frame          0.019    -1         0         0         0         1        -1        -0.019     0       
     friction       1         1         0.005     0.0001    0.0001  
     mu             1       
  3:
     dim           3
     geoms         36 : 50
     exclude       0
     efc_address   21
     solref         0.02      1       
     solimp         0.9       0.95      0.001     0.5       2       
     dist          -3e-07   
     includemargin  0       
     pos            0.25      0.0048    0.17    
     frame          0.019    -1         0         0         0         1        -1        -0.019     0       
     friction       1         1         0.005     0.0001    0.0001  
     mu             1       
  4:
     dim           3
     geoms         37 : 53
     exclude       0
     efc_address   25
     solref         0.02      1       
     solimp         0.9       0.95      0.001     0.5       2       
     dist          -3e-07   
     includemargin  0       
     pos            0.25      0.0049    0.18    
     frame          0.019    -1         0         0         0         1        -1        -0.019     0       
     friction       1         1         0.005     0.0001    0.0001  
     mu             1       
  5:
     dim           3
     geoms         38 : 52
     exclude       0
     efc_address   29
     solref         0.02      1       
     solimp         0.9       0.95      0.001     0.5       2       
     dist          -3e-07   
     includemargin  0       
     pos            0.25      0.0048    0.18    
     frame          0.019    -1         0         0         0         1        -1        -0.019     0       
     friction       1         1         0.005     0.0001    0.0001  
     mu             1       

EFC_TYPE
  0
  1
  1
  1
  1
  1
  1
  1
  1
  6
  6
  6
  6
  6
  6
  6
  6
  6
  6
  6
  6
  6
  6
  6
  6
  6
  6
  6
  6
  6
  6
  6
  6

EFC_ID
  0
  0
  1
  2
  3
  4
  5
  6
  7
  0
  0
  0
  0
  1
  1
  1
  1
  2
  2
  2
  2
  3
  3
  3
  3
  4
  4
  4
  4
  5
  5
  5
  5

EFC_J
   0         0         0         0         0         0         1         1       
   1         0         0         0         0         0         0         0       
   0         1         0         0         0         0         0         0       
   0         0         1         0         0         0         0         0       
   0         0         0         1         0         0         0         0       
   0         0         0         0         1         0         0         0       
   0         0         0         0         0         1         0         0       
   0         0         0         0         0         0         1         0       
   0         0         0         0         0         0         0         1       
   0         0         0         0         0         0         1        -1       
   0         0         0         0         0         0         1        -1       
   0         0         0         0         0         0         1        -1       
   0         0         0         0         0         0         1        -1       
   0         0         0         0         0         0         1        -1       
   0         0         0         0         0         0         1        -1       
   0         0         0         0         0         0         1        -1       
   0         0         0         0         0         0         1        -1       
   0         0         0         0         0         0         1        -1       
   0         0         0         0         0         0         1        -1       
   0         0         0         0         0         0         1        -1       
   0         0         0         0         0         0         1        -1       
   0         0         0         0         0         0         1        -1       
   0         0         0         0         0         0         1        -1       
   0         0         0         0         0         0         1        -1       
   0         0         0         0         0         0         1        -1       
   0         0         0         0         0         0         1        -1       
   0         0         0         0         0         0         1        -1       
   0         0         0         0         0         0         1        -1       
   0         0         0         0         0         0         1        -1       
   0         0         0         0         0         0         1        -1       
   0         0         0         0         0         0         1        -1       
   0         0         0         0         0         0         1        -1       
   0         0         0         0         0         0         1        -1       

EFC_POS
  -4.1e-06 
   0       
   0       
   0       
   0       
   0       
   0       
   0       
   0       
  -3e-07   
  -3e-07   
  -3e-07   
  -3e-07   
  -3e-07   
  -3e-07   
  -3e-07   
  -3e-07   
  -3e-07   
  -3e-07   
  -3e-07   
  -3e-07   
  -3e-07   
  -3e-07   
  -3e-07   
  -3e-07   
  -3e-07   
  -3e-07   
  -3e-07   
  -3e-07   
  -3e-07   
  -3e-07   
  -3e-07   
  -3e-07   

EFC_MARGIN
   0       
   0       
   0       
   0       
   0       
   0       
   0       
   0       
   0       
   0       
   0       
   0       
   0       
   0       
   0       
   0       
   0       
   0       
   0       
   0       
   0       
   0       
   0       
   0       
   0       
   0       
   0       
   0       
   0       
   0       
   0       
   0       
   0       

EFC_FRICTIONLOSS
   0       
   0.1     
   0.1     
   0.1     
   0.1     
   0.1     
   0.1     
   0.1     
   0.1     
   0       
   0       
   0       
   0       
   0       
   0       
   0       
   0       
   0       
   0       
   0       
   0       
   0       
   0       
   0       
   0       
   0       
   0       
   0       
   0       
   0       
   0       
   0       
   0       

EFC_DIAGAPPROX
   9.2     
   11      
   10      
   11      
   1.1e+02 
   2e+02   
   4.1e+02 
   4.6     
   4.6     
   17      
   17      
   17      
   17      
   17      
   17      
   17      
   17      
   17      
   17      
   17      
   17      
   17      
   17      
   17      
   17      
   17      
   17      
   17      
   17      
   17      
   17      
   17      
   17      

EFC_KBIP
   2.8e+03   1.1e+02   0.9      -0.81    
   0         1.1e+02   0.9       0       
   0         1.1e+02   0.9       0       
   0         1.1e+02   0.9       0       
   0         1.1e+02   0.9       0       
   0         1.1e+02   0.9       0       
   0         1.1e+02   0.9       0       
   0         1.1e+02   0.9       0       
   0         1.1e+02   0.9       0       
   2.8e+03   1.1e+02   0.9      -0.061   
   2.8e+03   1.1e+02   0.9      -0.061   
   2.8e+03   1.1e+02   0.9      -0.061   
   2.8e+03   1.1e+02   0.9      -0.061   
   2.8e+03   1.1e+02   0.9      -0.061   
   2.8e+03   1.1e+02   0.9      -0.061   
   2.8e+03   1.1e+02   0.9      -0.061   
   2.8e+03   1.1e+02   0.9      -0.061   
   2.8e+03   1.1e+02   0.9      -0.061   
   2.8e+03   1.1e+02   0.9      -0.061   
   2.8e+03   1.1e+02   0.9      -0.061   
   2.8e+03   1.1e+02   0.9      -0.061   
   2.8e+03   1.1e+02   0.9      -0.061   
   2.8e+03   1.1e+02   0.9      -0.061   
   2.8e+03   1.1e+02   0.9      -0.061   
   2.8e+03   1.1e+02   0.9      -0.061   
   2.8e+03   1.1e+02   0.9      -0.061   
   2.8e+03   1.1e+02   0.9      -0.061   
   2.8e+03   1.1e+02   0.9      -0.061   
   2.8e+03   1.1e+02   0.9      -0.061   
   2.8e+03   1.1e+02   0.9      -0.061   
   2.8e+03   1.1e+02   0.9      -0.061   
   2.8e+03   1.1e+02   0.9      -0.061   
   2.8e+03   1.1e+02   0.9      -0.061   

EFC_D
   0.98    
   0.8     
   0.9     
   0.8     
   0.081   
   0.046   
   0.022   
   2       
   2       
   0.54    
   0.54    
   0.54    
   0.54    
   0.54    
   0.54    
   0.54    
   0.54    
   0.54    
   0.54    
   0.54    
   0.54    
   0.54    
   0.54    
   0.54    
   0.54    
   0.54    
   0.54    
   0.54    
   0.54    
   0.54    
   0.54    
   0.54    
   0.54    

EFC_R
   1       
   1.2     
   1.1     
   1.3     
   12      
   22      
   46      
   0.51    
   0.51    
   1.8     
   1.8     
   1.8     
   1.8     
   1.8     
   1.8     
   1.8     
   1.8     
   1.8     
   1.8     
   1.8     
   1.8     
   1.8     
   1.8     
   1.8     
   1.8     
   1.8     
   1.8     
   1.8     
   1.8     
   1.8     
   1.8     
   1.8     
   1.8     

ACTUATOR_VELOCITY
  -8.6e-16 
  -5.5e-14 
   5.5e-14 
   5.5e-14 
   7.8e-18 
   5.6e-18 
  -1.1e-17 

CVEL
   0         0         0         0         0         0       
   0         0         0         0         0         0       
   0         0        -8.6e-16   2.6e-18  -1.3e-16   0       
   1.1e-15  -5.5e-14  -8.6e-16  -9.7e-15  -3.2e-16   7.5e-15 
   2.1e-15  -1.1e-13  -8.6e-16  -4.9e-15  -2.3e-16   1.5e-14 
   3.2e-15  -1.6e-13  -8.6e-16   2.2e-15  -9.1e-17   8e-15   
   3.2e-15  -1.6e-13  -8.6e-16   2.2e-15  -9.1e-17   8e-15   
   3.2e-15  -1.6e-13  -8.7e-16   2.2e-15  -9e-17     8e-15   
   3.2e-15  -1.6e-13  -8.7e-16   2.2e-15  -1e-16     8e-15   
   3.2e-15  -1.6e-13  -8.7e-16   2.2e-15  -1e-16     8e-15   
   3.2e-15  -1.6e-13  -8.7e-16   2.2e-15  -1e-16     8e-15   
   3.2e-15  -1.6e-13  -8.7e-16   2.2e-15  -7.5e-17   8e-15   
   3.2e-15  -1.6e-13  -8.7e-16   2.2e-15  -7.5e-17   8e-15   
   3.2e-15  -1.6e-13  -8.7e-16   2.2e-15  -7.5e-17   8e-15   

CDOF_DOT
   0         0         0         0         0         0       
   8.6e-16   1.7e-17   0         3e-18    -1.5e-16   3.1e-20 
  -8.6e-16  -1.7e-17   4.3e-30   3.4e-16  -6.9e-17   1.5e-14 
  -8.6e-16  -1.7e-17   7.1e-30   2.8e-14   4.3e-16   1.9e-14 
   1.4e-14   1.1e-15  -1.6e-13   1.3e-16  -7.8e-15  -1.3e-16 
   1.6e-13   3.1e-15   1.4e-14   1.9e-16   2.9e-15   1.6e-17 
   0        -0         0         8.7e-16   1.7e-17  -7.3e-18 
   0        -0         0         8.7e-16   1.7e-17  -7.3e-18 

QFRC_BIAS
   4.7e-30 
  -5.4     
   5.2     
   0.38    
   0.00066 
  -6.6e-05 
   1.9e-15 
   1.9e-15 

QFRC_SPRING
   0       
   0       
   0       
   0       
   0       
   0       
   0       
   0       

QFRC_DAMPER
   0       
   0       
   0       
   0       
   0       
   0       
   0       
   0       

QFRC_GRAVCOMP
   0       
  -5.4     
   5.2     
   0.38    
   0.00066 
  -6.6e-05 
   1.9e-15 
   1.9e-15 

QFRC_FLUID
   0       
   0       
   0       
   0       
   0       
   0       
   0       
   0       

QFRC_PASSIVE
   0       
  -5.4     
   5.2     
   0.38    
   0.00066 
  -6.6e-05 
   1.9e-15 
   1.9e-15 

EFC_VEL
   4.5e-18 
  -8.6e-16 
  -5.5e-14 
   5.5e-14 
   5.5e-14 
   7.8e-18 
   5.6e-18 
  -1.1e-17 
   1.6e-17 
  -2.7e-17 
  -2.7e-17 
  -2.7e-17 
  -2.7e-17 
  -2.7e-17 
  -2.7e-17 
  -2.7e-17 
  -2.7e-17 
  -2.7e-17 
  -2.7e-17 
  -2.7e-17 
  -2.7e-17 
  -2.7e-17 
  -2.7e-17 
  -2.7e-17 
  -2.7e-17 
  -2.7e-17 
  -2.7e-17 
  -2.7e-17 
  -2.7e-17 
  -2.7e-17 
  -2.7e-17 
  -2.7e-17 
  -2.7e-17 

EFC_AREF
   0.01    
   9.1e-14 
   5.8e-12 
  -5.8e-12 
  -5.8e-12 
  -8.2e-16 
  -5.9e-16 
   1.2e-15 
  -1.6e-15 
   0.00076 
   0.00076 
   0.00076 
   0.00076 
   0.00076 
   0.00076 
   0.00076 
   0.00076 
   0.00076 
   0.00076 
   0.00076 
   0.00076 
   0.00076 
   0.00076 
   0.00076 
   0.00076 
   0.00076 
   0.00076 
   0.00076 
   0.00076 
   0.00076 
   0.00076 
   0.00076 
   0.00076 

SUBTREE_LINVEL
   0         0         0       
   0         0         0       
   0         0         0       
   0         0         0       
   0         0         0       
   0         0         0       
   0         0         0       
   0         0         0       
   0         0         0       
   0         0         0       
   0         0         0       
   0         0         0       
   0         0         0       
   0         0         0       

SUBTREE_ANGMOM
   0         0         0       
   0         0         0       
   0         0         0       
   0         0         0       
   0         0         0       
   0         0         0       
   0         0         0       
   0         0         0       
   0         0         0       
   0         0         0       
   0         0         0       
   0         0         0       
   0         0         0       
   0         0         0       

ACTUATOR_FORCE
  -7.3e-14 
  -5.2e-12 
   4.6e-12 
   4.7e-13 
   2.1e-19 
  -8.1e-18 
  -0.02    

QFRC_ACTUATOR
  -7.3e-14 
  -5.2e-12 
   4.6e-12 
   4.7e-13 
   2.1e-19 
  -8.1e-18 
  -0.02    
   0       

QFRC_SMOOTH
  -7.3e-14 
  -5.2e-12 
   4.6e-12 
   4.7e-13 
   1.1e-18 
  -8e-18   
  -0.02    
   3.9e-30 

QACC_SMOOTH
   0.0048  
   3.2e-06 
   3.2e-05 
  -5.1e-05 
  -0.26    
   0.0032  
  -0.091   
  -0.02    

EFC_B
  -0.12    
   0.0048  
   3.2e-06 
   3.2e-05 
  -5.1e-05 
  -0.26    
   0.0032  
  -0.091   
  -0.02    
  -0.072   
  -0.072   
  -0.072   
  -0.072   
  -0.072   
  -0.072   
  -0.072   
  -0.072   
  -0.072   
  -0.072   
  -0.072   
  -0.072   
  -0.072   
  -0.072   
  -0.072   
  -0.072   
  -0.072   
  -0.072   
  -0.072   
  -0.072   
  -0.072   
  -0.072   
  -0.072   
  -0.072   

EFC_FORCE
   0.0099  
   7.3e-14 
   5.2e-12 
  -4.6e-12 
  -4.7e-13 
  -1.9e-18 
   7.5e-18 
   8.3e-15 
  -8.6e-15 
   0.00041 
   0.00041 
   0.00041 
   0.00041 
   0.00041 
   0.00041 
   0.00041 
   0.00041 
   0.00041 
   0.00041 
   0.00041 
   0.00041 
   0.00041 
   0.00041 
   0.00041 
   0.00041 
   0.00041 
   0.00041 
   0.00041 
   0.00041 
   0.00041 
   0.00041 
   0.00041 
   0.00041 

EFC_STATE
  1
  1
  1
  1
  1
  1
  1
  1
  1
  1
  1
  1
  1
  1
  1
  1
  1
  1
  1
  1
  1
  1
  1
  1
  1
  1
  1
  1
  1
  1
  1
  1
  1

QFRC_CONSTRAINT
   7.3e-14 
   5.2e-12 
  -4.6e-12 
  -4.7e-13 
  -1.9e-18 
   7.5e-18 
   0.02    
   8e-16   

QFRC_INVERSE
   0       
   0       
   0       
   0       
   0       
   0       
   0       
   0       

CACC
   0         0         0         0         0         0       
   0         0         0         0         0         0       
   0         0         0         0         0         0       
   0         0         0         0         0         0       
   0         0         0         0         0         0       
   0         0         0         0         0         0       
   0         0         0         0         0         0       
   0         0         0         0         0         0       
   0         0         0         0         0         0       
   0         0         0         0         0         0       
   0         0         0         0         0         0       
   0         0         0         0         0         0       
   0         0         0         0         0         0       
   0         0         0         0         0         0       

CFRC_INT
   0         0         0         0         0         0       
   0         0         0         0         0         0       
   0         0         0         0         0         0       
   0         0         0         0         0         0       
   0         0         0         0         0         0       
   0         0         0         0         0         0       
   0         0         0         0         0         0       
   0         0         0         0         0         0       
   0         0         0         0         0         0       
   0         0         0         0         0         0       
   0         0         0         0         0         0       
   0         0         0         0         0         0       
   0         0         0         0         0         0       
   0         0         0         0         0         0       

CFRC_EXT
   0         0         0         0         0         0       
   0         0         0         0         0         0       
   0         0         0         0         0         0       
   0         0         0         0         0         0       
   0         0         0         0         0         0       
   0         0         0         0         0         0       
   0         0         0         0         0         0       
   0         0         0         0         0         0       
   0         0         0         0         0         0       
   0         0         0         0         0         0       
   0         0         0         0         0         0       
   0         0         0         0         0         0       
   0         0         0         0         0         0       
   0         0         0         0         0         0       

